Multiples
0: 0
E  0					---> -0-
DR 0					---> -0-

1: 0 1 2 3 4 5 6 7 8 9 10
E  0 1 2 3 4 5 6 7 8 9 0 		---> -0 1 2 3 4 5 6 7 8 9-
DR 0 1 2 3 4 5 6 7 8 9 1		---> 0 -1 2 3 4 5 6 7 8 9-

2: 0 2 4 6 8 10 12 14 16 18 20
E  0 2 4 6 8 0  2  4  6  8  0 		---> -0 2 4 6 8-
DR 0 2 4 6 8 1  3  5  7  9  2		---> 0 -2 4 6 8 1 3 5 7 9-

3: 0 3 6 9 12 15 18 21 24 27 30
E  0 3 6 9 2  5  8  1  4  7  0		---> -0 3 6 9 2 5 8 1 4 7-
DR 0 3 6 9 3  6  9  3  6  9  3		---> 0 -3 6 9-

4: 0 4 8 12 16 20 24 28 32 36 40
E  0 4 8 2  6  0  4  8  2  6  0		---> -0 4 8 2 6-
DR 0 4 8 3  7  2  6  1  5  9  4		---> 0 -4 8 3 7 2 6 1 5 9-

5: 0 5 10 15 20 25 30 35 40 45 50
E  0 5 0  5  0  5  0  5  0  5  0	---> -0 5-
DR 0 5 1  6  2  7  3  8  4  9  5	---> 0 -5 1 6 2 7 3 8 4 9-

6: 0 6 12 18 24 30 36 42 48 54 60
E  0 6 2  8  4  0  6  2  8  4  0	---> -0 6 2 8 4-
DR 0 6 3  9  6  3  9  6  3  9  6	---> 0 -6 3 9-

7: 0 7 14 21 28 35 42 49 56 63 70
E  0 7 4  1  8  5  2  9  6  3  0	---> -0 7 4 1 8 5 2 9 6 3-
DR 0 7 5  3  1  8  6  4  2  9  7	---> 0 -7 5 3 1 8 6 4 2 9-

8: 0 8 16 24 32 40 48 56 64 72 80
E  0 8 6  4  2  0  8  6  4  2  0	---> -0 8 6 4 2-
DR 0 8 7  6  5  4  3  2  1  9  8	---> 0 -8 7 6 5 4 3 2 1 9-

9: 0 9 18 27 36 45 54 63 72 81 90
E  0 9 8  7  6  5  4  3  2  1  0	---> -0 9 8 7 6 5 4 3 2 1-
DR 0 9 9  9  9  9  9  9  9  9  9 	---> 0 -9-

10: 0 10 20 30 40 50 60 70 80 90 100
E   0 0  0  0  0  0  0  0  0  0   0     ---> -0-
DR  0 1  2  3  4  5  6  7  8  9   1	---> 0 -1 2 3 4 5 6 7 8 9-

11: 0 11 22 33 44 55 66 77 88 99 110
E   0 1  2  3  4  5  6  7  8  9   0 	---> -0 1 2 3 4 5 6 7 8 9-
DR  0 2  4  6  8  1  3  5  7  9   2	---> 0 -2 4 6 8 1 3 5 7 9-

12: 0 12 24 36 48 60 72 84 96 108 120
E   0 2  4  6  8  0  2  4  6   8   0 	---> -0 2 4 6 8-
DR  0 3  6  9  3  6  9  3  6   9   3		---> 0 -3 6 9-

13:
E					---> -0 3 6 9 2 5 8 1 4 7-
DR					---> 0 -4 8 3 7 2 6 1 5 9-

14:
E					---> -0 4 8 2 6-
DR					---> 0 -5 1 6 2 7 3 8 4 9-

15:
E					---> -0 5-
DR					---> 0 -6 3 9-

N:
E is ones place end behavior pattern
DR is digit root digit root pattern

Exponential
0: 0
E  0 												---> -0-
DR 0   												---> -0-

1: 1
E  1 												---> -1-
DR 1												---> -1-

2: 1 2 4 8 16 32 64 128 256 512 1024 2048
E  1 2 4 8 6  2  4   8   6   2   4    8 							---> 1 -2 4 8 6-
DR 1 2 4 8 7  5  1   2   4   8   7    5 							---> -1 2 4 8 7 5-

3: 1 3 9 27 81 243 729 2187 6561 19683 59049 177147
E  1 3 9 7  1   3   9   7    1     3     9     7 						---> -1 3 9 7-
DR 1 3 9 9  9   9   9   9    9     9     9     9 						---> 1 3 -9-

4: 1 4 16 64 256 1024 4096 16384 65536 262144 1048576 4194304
E  1 4 6  4   6   4    6     4     6     4       6       4 					---> 1 -6 4-
DR 1 4 7  1  4    7    1     4     7     1       4       7 					---> -1 4 7-

5: 1 5 25 125 625 3125 15625 78125 390625 1953125 9765625 4828125
E  1 5 5   5   5   5     5     5     5       5       5       5					---> 1 -5-
DR 1 5 7   8   4   2     1     5     7       8       4       2 					---> -1 5 7 8 4 2-

6: 1 6 36 216 1296 7776 46656 279936 1679616 1077696 60466176 362797056
E  1 6 6   6   6    6     6     6       6       6       6         6  				---> 1 -6-
DR 1 6 9   9   9    9     9     9       9       9       9         9 				---> 1 6 -9-

7: 1 7 49 343 2401 16807 117649 823543 5764801 40353607 282475249 1977326743
E  1 7 9  3    1     7     9      3       1        7        9         3 			---> -1 7 9 3-
DR 1 7 4   1   7     4     1      7       4        1        7         4 			---> -1 7 4-

8: 1 8 64 512 4096 32768 262144 2097152 16777216 134217728 1073741824 8589934592
E  1 8 4   2   6     8     4       2       6         8         4          2 			---> 1 -8 4 2 6-
DR 1 8 1   8   1     8     1       8       1         8         1          8 			---> -1 8-

9: 1 9 81 729 6561 59049 531441 4782969 43046721 387420489 3486784401 31381059609
E  1 9 1   9   1     9     1       9        1        9         1          9 			---> -1 9-
DR 1 9 9   9   9     9     9       9        9        9         9          9 			---> 1 -9-

10: 1 10 100 1000 10000 100000 1000000 10000000 100000000 1000000000 10000000000 100000000000
E   1 0   0   0     0     0       0        0        0          0          0            0 	---> 1 -0-
DR  1 1   1   1     1     1       1        1        1          1          1            1 	---> -1-

11: 1 11 121 1331 14641 161051 1771561 19487171 214358881 2357947691 25937424601 285311670611
E   1 1   1   1     1     1       1        1        1         1           1           1		---> -1-
DR  1 2   4   8     7     5       1        2        4         8           7           5 	---> -1 2 4 8 7 5-

12: 1 12 144 1728 20736 248832 2985984 35831808 429981696 5159780352 61917364224 743008370688
E   1 2  4    8     6     2       4        8        6         2           4           8		---> 1 -2 4 8 6-
DR  1 3  9    9     9     9       9        9        9         9           9           9 	---> 1 3 -9-

13:
E												---> -1 3 9 7-
DR  												---> -1 4 7-

14:
E 												---> 1 -6 4-
DR 												---> -1 5 7 8 4 2-

15:
E												---> 1 -5-
DR 												---> 1 6 -9-

N:
E is ones place end behavior pattern
DR is digit root digit root pattern
